2 1 2 8.848000015859725e-05 8 8 0.0003360800001246389 None None None
4 90 84 0.0016583590004302096 108 108 0.0013527119999707793 73 74 0.0010001860000556917
8 852 808 0.0046400109995374805 980 1088 0.006844728000032774 654 836 0.0100090400001136
16 6952 6736 0.030572458999813534 7984 9424 0.03623487999993813 5124 7352 0.01864490600019053
32 55376 54432 0.05906729600064864 63408 77376 0.08055530399997224 39384 60304 0.06549031000031391
64 440480 436544 0.3992359800004124 502528 624064 0.5655868960002408 305488 484960 0.4572929830001158
2 1 2 4.034500034322264e-05 8 8 0.0001419830005033873 None None None
4 90 84 0.0010462400005053496 108 108 0.0007834870002625394 73 74 0.0008068859997365507
8 852 808 0.004330779000156326 980 1088 0.005466032000185805 654 836 0.005540623999877425
16 6952 6736 0.0242855860005875 7984 9424 0.03655236699978559 5124 7352 0.030856977000439656
32 55376 54432 0.072732122999696 63408 77376 0.08051680399967154 39384 60304 0.06487355700028274
64 440480 436544 0.402252677999968 502528 624064 0.6224796899996363 305488 484960 0.4303262539997377
2 1 2 6.663300064246869e-05 8 8 0.00042138299977523275 None None None
4 90 84 0.0015822040004422888 108 108 0.0010515499998291489 73 74 0.0013769710003543878
8 852 808 0.004612961000020732 980 1088 0.006096957999943697 654 836 0.006851680000181659
16 6952 6736 0.027486081999995804 7984 9424 0.036768601999938255 5124 7352 0.014675843000077293
32 55376 54432 0.05870760300058464 63408 77376 0.08468223399995622 39384 60304 0.06982035500004713
64 440480 436544 0.4047636870000133 502528 624064 0.5448682810001628 305488 484960 0.4323042850001002
2 1 2 6.879699958517449e-05 8 8 0.0002060350007013767 None None None
4 90 84 0.00181886299924372 108 108 0.0009272540000893059 73 74 0.0009598030001143343
8 852 808 0.004361097000582959 980 1088 0.005738437999752932 654 836 0.005360955000469403
16 6952 6736 0.026707095999881858 7984 9424 0.03671602099984739 5124 7352 0.022248248999858333
32 55376 54432 0.057340338000358315 63408 77376 0.08079286400061392 39384 60304 0.0652915460004806
64 440480 436544 0.39823436200003925 502528 624064 0.5754541049991531 305488 484960 0.43320779600071546
2 1 2 2.9532999178627506e-05 8 8 6.656900040979963e-05 None None None
4 90 84 0.00031834599940339103 108 108 0.00030030600100872107 73 74 0.00031998099984775763
8 852 808 0.0014949819997127634 980 1088 0.001997024000957026 654 836 0.0019508069999574218
16 6952 6736 0.008313078000355745 7984 9424 0.011805547999756527 5124 7352 0.010509138999623246
32 55376 54432 0.05435667900019325 63408 77376 0.07887783800106263 39384 60304 0.06455402500068885
64 440480 436544 0.38682383300147194 502528 624064 0.5579226420013583 305488 484960 0.42723337999996147
128 3510592 3494528 2.9706305719992088 3993920 5004800 4.283875789000376 2397664 3880768 3.256025304001014
256 28025472 27960576 23.14431840799989 31828224 40067328 32.04499847700026 18977344 31028096 24.561725777999527
